                                kicad schematic
                                Transient Analysis  Mon Feb 10 01:04:19  2025
--------------------------------------------------------------------------------
Index   time            v1#branch       v2#branch       v3#branch       
--------------------------------------------------------------------------------
0	0.000000e+00	9.844822e-07	-1.60282e-03	1.600653e-03	
1	1.000000e-06	6.779951e-07	-1.60255e-03	1.600929e-03	
2	2.000000e-06	2.428467e-07	-1.60215e-03	1.601358e-03	
3	4.000000e-06	-7.81911e-07	-1.60122e-03	1.602431e-03	
4	8.000000e-06	-3.23011e-06	-1.59923e-03	1.605328e-03	
5	1.600000e-05	-8.28504e-06	-1.59631e-03	1.612526e-03	
6	3.200000e-05	-1.83872e-05	-1.59356e-03	1.629985e-03	
7	6.400000e-05	-3.85549e-05	-1.59235e-03	1.669121e-03	
8	1.280000e-04	-7.87677e-05	-1.59318e-03	1.750388e-03	
9	2.280000e-04	-1.41505e-04	-1.59575e-03	1.878428e-03	
10	3.280000e-04	-2.04085e-04	-1.59859e-03	2.006428e-03	
11	4.280000e-04	-2.66466e-04	-1.60149e-03	2.134089e-03	
12	5.280000e-04	-3.28577e-04	-1.60440e-03	2.261222e-03	
13	6.280000e-04	-3.90366e-04	-1.60731e-03	2.387705e-03	
14	7.280000e-04	-4.51764e-04	-1.61020e-03	2.513393e-03	
15	8.280000e-04	-5.12719e-04	-1.61308e-03	2.638174e-03	
16	9.280000e-04	-5.73163e-04	-1.61593e-03	2.761910e-03	
17	1.028000e-03	-6.33043e-04	-1.61875e-03	2.884492e-03	
18	1.128000e-03	-6.92295e-04	-1.62154e-03	3.005785e-03	
19	1.228000e-03	-7.50864e-04	-1.62430e-03	3.125683e-03	
20	1.328000e-03	-8.08689e-04	-1.62702e-03	3.244055e-03	
21	1.428000e-03	-8.65718e-04	-1.62971e-03	3.360796e-03	
22	1.528000e-03	-9.21888e-04	-1.63235e-03	3.475779e-03	
23	1.628000e-03	-9.77150e-04	-1.63495e-03	3.588903e-03	
24	1.728000e-03	-1.03144e-03	-1.63751e-03	3.700045e-03	
25	1.828000e-03	-1.08472e-03	-1.64002e-03	3.809105e-03	
26	1.928000e-03	-1.13692e-03	-1.64247e-03	3.915967e-03	
27	2.028000e-03	-1.18801e-03	-1.64487e-03	4.020534e-03	
28	2.128000e-03	-1.23791e-03	-1.64722e-03	4.122694e-03	
29	2.228000e-03	-1.28660e-03	-1.64951e-03	4.222355e-03	
30	2.328000e-03	-1.33401e-03	-1.65174e-03	4.319411e-03	
31	2.428000e-03	-1.38011e-03	-1.65390e-03	4.413774e-03	
32	2.528000e-03	-1.42484e-03	-1.65601e-03	4.505342e-03	
33	2.628000e-03	-1.46817e-03	-1.65804e-03	4.594034e-03	
34	2.728000e-03	-1.51005e-03	-1.66001e-03	4.679754e-03	
35	2.828000e-03	-1.55043e-03	-1.66191e-03	4.762425e-03	
36	2.928000e-03	-1.58929e-03	-1.66373e-03	4.841959e-03	
37	3.028000e-03	-1.62657e-03	-1.66549e-03	4.918283e-03	
38	3.128000e-03	-1.66225e-03	-1.66716e-03	4.991316e-03	
39	3.228000e-03	-1.69629e-03	-1.66876e-03	5.060992e-03	
40	3.328000e-03	-1.72865e-03	-1.67028e-03	5.127237e-03	
41	3.428000e-03	-1.75931e-03	-1.67172e-03	5.189991e-03	
42	3.528000e-03	-1.78823e-03	-1.67308e-03	5.249186e-03	
43	3.628000e-03	-1.81538e-03	-1.67436e-03	5.304770e-03	
44	3.728000e-03	-1.84074e-03	-1.67555e-03	5.356682e-03	
45	3.828000e-03	-1.86428e-03	-1.67665e-03	5.404876e-03	
46	3.928000e-03	-1.88598e-03	-1.67767e-03	5.449300e-03	
47	4.028000e-03	-1.90582e-03	-1.67860e-03	5.489914e-03	
48	4.128000e-03	-1.92378e-03	-1.67945e-03	5.526675e-03	
49	4.228000e-03	-1.93984e-03	-1.68020e-03	5.559550e-03	
50	4.328000e-03	-1.95398e-03	-1.68087e-03	5.588503e-03	
51	4.428000e-03	-1.96620e-03	-1.68144e-03	5.613508e-03	
52	4.528000e-03	-1.97647e-03	-1.68192e-03	5.634538e-03	
53	4.628000e-03	-1.98479e-03	-1.68231e-03	5.651575e-03	
54	4.728000e-03	-1.99115e-03	-1.68261e-03	5.664600e-03	

Index   time            v1#branch       v2#branch       v3#branch       
--------------------------------------------------------------------------------
55	4.828000e-03	-1.99555e-03	-1.68282e-03	5.673602e-03	
56	4.928000e-03	-1.99797e-03	-1.68293e-03	5.678570e-03	
57	5.028000e-03	-1.99843e-03	-1.68295e-03	5.679502e-03	
58	5.128000e-03	-1.99690e-03	-1.68288e-03	5.676393e-03	
59	5.228000e-03	-1.99341e-03	-1.68272e-03	5.669250e-03	
60	5.328000e-03	-1.98795e-03	-1.68246e-03	5.658078e-03	
61	5.428000e-03	-1.98053e-03	-1.68211e-03	5.642888e-03	
62	5.528000e-03	-1.97115e-03	-1.68167e-03	5.623696e-03	
63	5.628000e-03	-1.95983e-03	-1.68114e-03	5.600520e-03	
64	5.728000e-03	-1.94657e-03	-1.68052e-03	5.573383e-03	
65	5.828000e-03	-1.93139e-03	-1.67980e-03	5.542312e-03	
66	5.928000e-03	-1.91430e-03	-1.67900e-03	5.507338e-03	
67	6.028000e-03	-1.89532e-03	-1.67811e-03	5.468495e-03	
68	6.128000e-03	-1.87447e-03	-1.67713e-03	5.425821e-03	
69	6.228000e-03	-1.85177e-03	-1.67606e-03	5.379359e-03	
70	6.328000e-03	-1.82724e-03	-1.67491e-03	5.329154e-03	
71	6.428000e-03	-1.80091e-03	-1.67367e-03	5.275257e-03	
72	6.528000e-03	-1.77280e-03	-1.67235e-03	5.217719e-03	
73	6.628000e-03	-1.74294e-03	-1.67095e-03	5.156598e-03	
74	6.728000e-03	-1.71135e-03	-1.66947e-03	5.091954e-03	
75	6.828000e-03	-1.67808e-03	-1.66790e-03	5.023851e-03	
76	6.928000e-03	-1.64315e-03	-1.66626e-03	4.952355e-03	
77	7.028000e-03	-1.60660e-03	-1.66455e-03	4.877539e-03	
78	7.128000e-03	-1.56846e-03	-1.66275e-03	4.799475e-03	
79	7.228000e-03	-1.52877e-03	-1.66089e-03	4.718240e-03	
80	7.328000e-03	-1.48758e-03	-1.65895e-03	4.633914e-03	
81	7.428000e-03	-1.44491e-03	-1.65695e-03	4.546582e-03	
82	7.528000e-03	-1.40082e-03	-1.65487e-03	4.456328e-03	
83	7.628000e-03	-1.35534e-03	-1.65274e-03	4.363242e-03	
84	7.728000e-03	-1.30853e-03	-1.65054e-03	4.267415e-03	
85	7.828000e-03	-1.26042e-03	-1.64827e-03	4.168943e-03	
86	7.928000e-03	-1.21107e-03	-1.64595e-03	4.067922e-03	
87	8.028000e-03	-1.16052e-03	-1.64358e-03	3.964452e-03	
88	8.128000e-03	-1.10882e-03	-1.64114e-03	3.858634e-03	
89	8.228000e-03	-1.05603e-03	-1.63866e-03	3.750574e-03	
90	8.328000e-03	-1.00220e-03	-1.63613e-03	3.640378e-03	
91	8.428000e-03	-9.47372e-04	-1.63355e-03	3.528155e-03	
92	8.528000e-03	-8.91612e-04	-1.63092e-03	3.414015e-03	
93	8.628000e-03	-8.34971e-04	-1.62826e-03	3.298071e-03	
94	8.728000e-03	-7.77505e-04	-1.62555e-03	3.180437e-03	
95	8.828000e-03	-7.19271e-04	-1.62281e-03	3.061229e-03	
96	8.928000e-03	-6.60325e-04	-1.62003e-03	2.940565e-03	
97	9.028000e-03	-6.00727e-04	-1.61722e-03	2.818564e-03	
98	9.128000e-03	-5.40536e-04	-1.61438e-03	2.695346e-03	
99	9.228000e-03	-4.79809e-04	-1.61152e-03	2.571035e-03	
100	9.328000e-03	-4.18609e-04	-1.60863e-03	2.445752e-03	
101	9.428000e-03	-3.56994e-04	-1.60573e-03	2.319625e-03	
102	9.528000e-03	-2.95027e-04	-1.60282e-03	2.192782e-03	
103	9.628000e-03	-2.32768e-04	-1.59991e-03	2.065359e-03	
104	9.728000e-03	-1.70280e-04	-1.59703e-03	1.937509e-03	
105	9.828000e-03	-1.07629e-04	-1.59429e-03	1.809466e-03	
106	9.928000e-03	-4.48880e-05	-1.59233e-03	1.682038e-03	
107	1.002800e-02	1.776023e-05	-1.62688e-03	1.591330e-03	
108	1.012800e-02	8.087020e-05	-1.74507e-03	1.583236e-03	
109	1.022800e-02	1.433713e-04	-1.86531e-03	1.578521e-03	
110	1.032800e-02	2.061818e-04	-1.98663e-03	1.574175e-03	
111	1.042800e-02	2.683496e-04	-2.10674e-03	1.569992e-03	
112	1.052800e-02	3.306717e-04	-2.22730e-03	1.565871e-03	

Index   time            v1#branch       v2#branch       v3#branch       
--------------------------------------------------------------------------------
113	1.062800e-02	3.922664e-04	-2.34640e-03	1.561823e-03	
114	1.072800e-02	4.538585e-04	-2.46560e-03	1.557798e-03	
115	1.082800e-02	5.146366e-04	-2.58315e-03	1.553831e-03	
116	1.092800e-02	5.752585e-04	-2.70048e-03	1.549885e-03	
117	1.102800e-02	6.349783e-04	-2.81600e-03	1.545996e-03	
118	1.112800e-02	6.943929e-04	-2.93100e-03	1.542134e-03	
119	1.122800e-02	7.528167e-04	-3.04401e-03	1.538330e-03	
120	1.132800e-02	8.107917e-04	-3.15622e-03	1.534558e-03	
121	1.142800e-02	8.676872e-04	-3.26627e-03	1.530850e-03	
122	1.152800e-02	9.239954e-04	-3.37525e-03	1.527182e-03	
123	1.162800e-02	9.791364e-04	-3.48190e-03	1.523581e-03	
124	1.172800e-02	1.033557e-03	-3.58722e-03	1.520029e-03	
125	1.182800e-02	1.086725e-03	-3.69005e-03	1.516550e-03	
126	1.192800e-02	1.139045e-03	-3.79129e-03	1.513128e-03	
127	1.202800e-02	1.190027e-03	-3.88989e-03	1.509784e-03	
128	1.212800e-02	1.240042e-03	-3.98666e-03	1.506504e-03	
129	1.222800e-02	1.288637e-03	-4.08064e-03	1.503309e-03	
130	1.232800e-02	1.336149e-03	-4.17256e-03	1.500185e-03	
131	1.242800e-02	1.382164e-03	-4.26154e-03	1.497152e-03	
132	1.252800e-02	1.426988e-03	-4.34825e-03	1.494197e-03	
133	1.262800e-02	1.470240e-03	-4.43188e-03	1.491338e-03	
134	1.272800e-02	1.512199e-03	-4.51304e-03	1.488566e-03	
135	1.282800e-02	1.552517e-03	-4.59100e-03	1.485894e-03	
136	1.292800e-02	1.591447e-03	-4.66629e-03	1.483315e-03	
137	1.302800e-02	1.628670e-03	-4.73826e-03	1.480842e-03	
138	1.312800e-02	1.664418e-03	-4.80739e-03	1.478469e-03	
139	1.322800e-02	1.698399e-03	-4.87308e-03	1.476206e-03	
140	1.332800e-02	1.730825e-03	-4.93579e-03	1.474049e-03	
141	1.342800e-02	1.761429e-03	-4.99495e-03	1.472007e-03	
142	1.352800e-02	1.790406e-03	-5.05098e-03	1.470075e-03	
143	1.362800e-02	1.817511e-03	-5.10337e-03	1.468262e-03	
144	1.372800e-02	1.842924e-03	-5.15251e-03	1.466565e-03	
145	1.382800e-02	1.866423e-03	-5.19793e-03	1.464991e-03	
146	1.392800e-02	1.888173e-03	-5.23999e-03	1.463536e-03	
147	1.402800e-02	1.907973e-03	-5.27825e-03	1.462207e-03	
148	1.412800e-02	1.925975e-03	-5.31306e-03	1.461002e-03	
149	1.422800e-02	1.941997e-03	-5.34403e-03	1.459925e-03	
150	1.432800e-02	1.956180e-03	-5.37145e-03	1.458975e-03	
151	1.442800e-02	1.968360e-03	-5.39499e-03	1.458155e-03	
152	1.452800e-02	1.978668e-03	-5.41492e-03	1.457464e-03	
153	1.462800e-02	1.986958e-03	-5.43094e-03	1.456906e-03	
154	1.472800e-02	1.993352e-03	-5.44331e-03	1.456477e-03	
155	1.482800e-02	1.997718e-03	-5.45175e-03	1.456183e-03	
156	1.492800e-02	2.000172e-03	-5.45650e-03	1.456019e-03	
157	1.502800e-02	2.000597e-03	-5.45732e-03	1.455989e-03	
158	1.512800e-02	1.999103e-03	-5.45444e-03	1.456092e-03	
159	1.522800e-02	1.995585e-03	-5.44764e-03	1.456327e-03	
160	1.532800e-02	1.990148e-03	-5.43714e-03	1.456694e-03	
161	1.542800e-02	1.982701e-03	-5.42275e-03	1.457194e-03	
162	1.552800e-02	1.973343e-03	-5.40467e-03	1.457825e-03	
163	1.562800e-02	1.961995e-03	-5.38274e-03	1.458586e-03	
164	1.572800e-02	1.948753e-03	-5.35715e-03	1.459477e-03	
165	1.582800e-02	1.933550e-03	-5.32776e-03	1.460496e-03	
166	1.592800e-02	1.916477e-03	-5.29477e-03	1.461643e-03	
167	1.602800e-02	1.897478e-03	-5.25805e-03	1.462916e-03	
168	1.612800e-02	1.876641e-03	-5.21778e-03	1.464313e-03	
169	1.622800e-02	1.853921e-03	-5.17386e-03	1.465833e-03	
170	1.632800e-02	1.829403e-03	-5.12647e-03	1.467475e-03	

Index   time            v1#branch       v2#branch       v3#branch       
--------------------------------------------------------------------------------
171	1.642800e-02	1.803051e-03	-5.07553e-03	1.469234e-03	
172	1.652800e-02	1.774949e-03	-5.02121e-03	1.471112e-03	
173	1.662800e-02	1.745069e-03	-4.96344e-03	1.473104e-03	
174	1.672800e-02	1.713494e-03	-4.90241e-03	1.475210e-03	
175	1.682800e-02	1.680204e-03	-4.83804e-03	1.477424e-03	
176	1.692800e-02	1.645280e-03	-4.77053e-03	1.479748e-03	
177	1.702800e-02	1.608711e-03	-4.69982e-03	1.482175e-03	
178	1.712800e-02	1.570578e-03	-4.62609e-03	1.484706e-03	
179	1.722800e-02	1.530874e-03	-4.54931e-03	1.487335e-03	
180	1.732800e-02	1.489680e-03	-4.46966e-03	1.490062e-03	
181	1.742800e-02	1.446999e-03	-4.38711e-03	1.492882e-03	
182	1.752800e-02	1.402908e-03	-4.30185e-03	1.495793e-03	
183	1.762800e-02	1.357417e-03	-4.21387e-03	1.498790e-03	
184	1.772800e-02	1.310603e-03	-4.12333e-03	1.501873e-03	
185	1.782800e-02	1.262481e-03	-4.03025e-03	1.505036e-03	
186	1.792800e-02	1.213130e-03	-3.93479e-03	1.508278e-03	
187	1.802800e-02	1.162568e-03	-3.83699e-03	1.511592e-03	
188	1.812800e-02	1.110873e-03	-3.73699e-03	1.514980e-03	
189	1.822800e-02	1.058070e-03	-3.63484e-03	1.518433e-03	
190	1.832800e-02	1.004237e-03	-3.53069e-03	1.521952e-03	
191	1.842800e-02	9.494007e-04	-3.42460e-03	1.525530e-03	
192	1.852800e-02	8.936407e-04	-3.31673e-03	1.529168e-03	
193	1.862800e-02	8.369886e-04	-3.20711e-03	1.532858e-03	
194	1.872800e-02	7.795223e-04	-3.09593e-03	1.536601e-03	
195	1.882800e-02	7.212776e-04	-2.98323e-03	1.540390e-03	
196	1.892800e-02	6.623319e-04	-2.86918e-03	1.544226e-03	
197	1.902800e-02	6.027243e-04	-2.75384e-03	1.548103e-03	
198	1.912800e-02	5.425321e-04	-2.63738e-03	1.552022e-03	
199	1.922800e-02	4.817970e-04	-2.51987e-03	1.555979e-03	
200	1.932800e-02	4.205960e-04	-2.40147e-03	1.559977e-03	
201	1.942800e-02	3.589734e-04	-2.28227e-03	1.564015e-03	
202	1.952800e-02	2.970056e-04	-2.16242e-03	1.568102e-03	
203	1.962800e-02	2.347396e-04	-2.04204e-03	1.572250e-03	
204	1.972800e-02	1.722515e-04	-1.92132e-03	1.576503e-03	
205	1.982800e-02	1.095934e-04	-1.80049e-03	1.580990e-03	
206	1.992800e-02	4.685142e-05	-1.68046e-03	1.586430e-03	
207	2.002800e-02	-1.57955e-05	-1.59402e-03	1.625243e-03	
208	2.012800e-02	-7.88729e-05	-1.59318e-03	1.750621e-03	
209	2.022800e-02	-1.41405e-04	-1.59575e-03	1.878207e-03	
210	2.032800e-02	-2.04178e-04	-1.59859e-03	2.006634e-03	
211	2.042800e-02	-2.66379e-04	-1.60149e-03	2.133894e-03	
212	2.052800e-02	-3.28661e-04	-1.60441e-03	2.261410e-03	
213	2.062800e-02	-3.90285e-04	-1.60731e-03	2.387525e-03	
214	2.072800e-02	-4.51841e-04	-1.61021e-03	2.513564e-03	
215	2.082800e-02	-5.12645e-04	-1.61307e-03	2.638010e-03	
216	2.092800e-02	-5.73233e-04	-1.61593e-03	2.762066e-03	
217	2.102800e-02	-6.32976e-04	-1.61875e-03	2.884342e-03	
218	2.112800e-02	-6.92358e-04	-1.62154e-03	3.005928e-03	
219	2.122800e-02	-7.50803e-04	-1.62430e-03	3.125547e-03	
220	2.132800e-02	-8.08748e-04	-1.62703e-03	3.244185e-03	
221	2.142800e-02	-8.65662e-04	-1.62971e-03	3.360671e-03	
222	2.152800e-02	-9.21941e-04	-1.63235e-03	3.475898e-03	
223	2.162800e-02	-9.77099e-04	-1.63495e-03	3.588790e-03	
224	2.172800e-02	-1.03149e-03	-1.63751e-03	3.700153e-03	
225	2.182800e-02	-1.08467e-03	-1.64001e-03	3.809002e-03	
226	2.192800e-02	-1.13697e-03	-1.64247e-03	3.916066e-03	
227	2.202800e-02	-1.18796e-03	-1.64487e-03	4.020439e-03	
228	2.212800e-02	-1.23795e-03	-1.64722e-03	4.122784e-03	

Index   time            v1#branch       v2#branch       v3#branch       
--------------------------------------------------------------------------------
229	2.222800e-02	-1.28656e-03	-1.64951e-03	4.222269e-03	
230	2.232800e-02	-1.33405e-03	-1.65174e-03	4.319493e-03	
231	2.242800e-02	-1.38008e-03	-1.65390e-03	4.413695e-03	
232	2.252800e-02	-1.42488e-03	-1.65601e-03	4.505417e-03	
233	2.262800e-02	-1.46814e-03	-1.65804e-03	4.593962e-03	
234	2.272800e-02	-1.51008e-03	-1.66001e-03	4.679822e-03	
235	2.282800e-02	-1.55040e-03	-1.66191e-03	4.762360e-03	
236	2.292800e-02	-1.58932e-03	-1.66373e-03	4.842021e-03	
237	2.302800e-02	-1.62655e-03	-1.66549e-03	4.918223e-03	
238	2.312800e-02	-1.66228e-03	-1.66716e-03	4.991373e-03	
239	2.322800e-02	-1.69627e-03	-1.66876e-03	5.060938e-03	
240	2.332800e-02	-1.72867e-03	-1.67028e-03	5.127289e-03	
241	2.342800e-02	-1.75928e-03	-1.67172e-03	5.189942e-03	
242	2.352800e-02	-1.78825e-03	-1.67308e-03	5.249233e-03	
243	2.362800e-02	-1.81536e-03	-1.67436e-03	5.304725e-03	
244	2.372800e-02	-1.84076e-03	-1.67555e-03	5.356725e-03	
245	2.382800e-02	-1.86426e-03	-1.67665e-03	5.404835e-03	
246	2.392800e-02	-1.88600e-03	-1.67767e-03	5.449339e-03	
247	2.402800e-02	-1.90580e-03	-1.67860e-03	5.489877e-03	
248	2.412800e-02	-1.92380e-03	-1.67945e-03	5.526711e-03	
249	2.422800e-02	-1.93982e-03	-1.68020e-03	5.559516e-03	
250	2.432800e-02	-1.95400e-03	-1.68087e-03	5.588535e-03	
251	2.442800e-02	-1.96618e-03	-1.68144e-03	5.613477e-03	
252	2.452800e-02	-1.97648e-03	-1.68192e-03	5.634568e-03	
253	2.462800e-02	-1.98478e-03	-1.68231e-03	5.651547e-03	
254	2.472800e-02	-1.99116e-03	-1.68261e-03	5.664627e-03	
255	2.482800e-02	-1.99554e-03	-1.68282e-03	5.673577e-03	
256	2.492800e-02	-1.99798e-03	-1.68293e-03	5.678595e-03	
257	2.502800e-02	-1.99841e-03	-1.68295e-03	5.679478e-03	
258	2.512800e-02	-1.99692e-03	-1.68288e-03	5.676415e-03	
259	2.522800e-02	-1.99340e-03	-1.68272e-03	5.669229e-03	
260	2.532800e-02	-1.98796e-03	-1.68246e-03	5.658098e-03	
261	2.542800e-02	-1.98052e-03	-1.68211e-03	5.642869e-03	
262	2.552800e-02	-1.97116e-03	-1.68167e-03	5.623714e-03	
263	2.562800e-02	-1.95982e-03	-1.68114e-03	5.600503e-03	
264	2.572800e-02	-1.94658e-03	-1.68052e-03	5.573399e-03	
265	2.582800e-02	-1.93138e-03	-1.67980e-03	5.542297e-03	
266	2.592800e-02	-1.91431e-03	-1.67900e-03	5.507353e-03	
267	2.602800e-02	-1.89532e-03	-1.67811e-03	5.468481e-03	
268	2.612800e-02	-1.87448e-03	-1.67713e-03	5.425835e-03	
269	2.622800e-02	-1.85177e-03	-1.67606e-03	5.379346e-03	
270	2.632800e-02	-1.82725e-03	-1.67491e-03	5.329167e-03	
271	2.642800e-02	-1.80090e-03	-1.67368e-03	5.275245e-03	
272	2.652800e-02	-1.77280e-03	-1.67235e-03	5.217730e-03	
273	2.662800e-02	-1.74293e-03	-1.67095e-03	5.156587e-03	
274	2.672800e-02	-1.71136e-03	-1.66947e-03	5.091964e-03	
275	2.682800e-02	-1.67808e-03	-1.66790e-03	5.023841e-03	
276	2.692800e-02	-1.64316e-03	-1.66626e-03	4.952365e-03	
277	2.702800e-02	-1.60660e-03	-1.66455e-03	4.877530e-03	
278	2.712800e-02	-1.56847e-03	-1.66275e-03	4.799483e-03	
279	2.722800e-02	-1.52877e-03	-1.66089e-03	4.718232e-03	
280	2.732800e-02	-1.48758e-03	-1.65895e-03	4.633922e-03	
281	2.742800e-02	-1.44491e-03	-1.65695e-03	4.546575e-03	
282	2.752800e-02	-1.40082e-03	-1.65487e-03	4.456334e-03	
283	2.762800e-02	-1.35534e-03	-1.65274e-03	4.363235e-03	
284	2.772800e-02	-1.30853e-03	-1.65054e-03	4.267421e-03	
285	2.782800e-02	-1.26041e-03	-1.64827e-03	4.168937e-03	
286	2.792800e-02	-1.21107e-03	-1.64595e-03	4.067927e-03	

Index   time            v1#branch       v2#branch       v3#branch       
--------------------------------------------------------------------------------
287	2.802800e-02	-1.16051e-03	-1.64358e-03	3.964446e-03	
288	2.812800e-02	-1.10882e-03	-1.64114e-03	3.858639e-03	
289	2.822800e-02	-1.05603e-03	-1.63866e-03	3.750570e-03	
290	2.832800e-02	-1.00220e-03	-1.63613e-03	3.640383e-03	
291	2.842800e-02	-9.47370e-04	-1.63355e-03	3.528151e-03	
292	2.852800e-02	-8.91614e-04	-1.63092e-03	3.414019e-03	
293	2.862800e-02	-8.34969e-04	-1.62826e-03	3.298067e-03	
294	2.872800e-02	-7.77507e-04	-1.62555e-03	3.180440e-03	
295	2.882800e-02	-7.19269e-04	-1.62281e-03	3.061225e-03	
296	2.892800e-02	-6.60327e-04	-1.62003e-03	2.940568e-03	
297	2.902800e-02	-6.00726e-04	-1.61722e-03	2.818561e-03	
298	2.912800e-02	-5.40537e-04	-1.61438e-03	2.695349e-03	
299	2.922800e-02	-4.79808e-04	-1.61152e-03	2.571032e-03	
300	2.932800e-02	-4.18610e-04	-1.60863e-03	2.445755e-03	
301	2.942800e-02	-3.56993e-04	-1.60573e-03	2.319623e-03	
302	2.952800e-02	-2.95028e-04	-1.60282e-03	2.192784e-03	
303	2.962800e-02	-2.32767e-04	-1.59991e-03	2.065357e-03	
304	2.972800e-02	-1.70281e-04	-1.59703e-03	1.937511e-03	
305	2.982800e-02	-1.07627e-04	-1.59429e-03	1.809464e-03	
306	2.992800e-02	-4.48891e-05	-1.59233e-03	1.682039e-03	
307	3.002800e-02	1.776128e-05	-1.62689e-03	1.591330e-03	
308	3.012800e-02	8.086920e-05	-1.74507e-03	1.583236e-03	
309	3.022800e-02	1.433723e-04	-1.86531e-03	1.578521e-03	
310	3.032800e-02	2.061809e-04	-1.98663e-03	1.574174e-03	
311	3.042800e-02	2.683505e-04	-2.10674e-03	1.569993e-03	
312	3.052800e-02	3.306709e-04	-2.22730e-03	1.565871e-03	
313	3.062800e-02	3.922672e-04	-2.34641e-03	1.561823e-03	
314	3.072800e-02	4.538578e-04	-2.46560e-03	1.557797e-03	
315	3.082800e-02	5.146374e-04	-2.58315e-03	1.553831e-03	
316	3.092800e-02	5.752578e-04	-2.70048e-03	1.549885e-03	
317	3.102800e-02	6.349789e-04	-2.81600e-03	1.545997e-03	
318	3.112800e-02	6.943923e-04	-2.93100e-03	1.542133e-03	
319	3.122800e-02	7.528174e-04	-3.04401e-03	1.538330e-03	
320	3.132800e-02	8.107911e-04	-3.15622e-03	1.534558e-03	
321	3.142800e-02	8.676878e-04	-3.26628e-03	1.530850e-03	
322	3.152800e-02	9.239948e-04	-3.37525e-03	1.527181e-03	
323	3.162800e-02	9.791370e-04	-3.48191e-03	1.523582e-03	
324	3.172800e-02	1.033557e-03	-3.58722e-03	1.520029e-03	
325	3.182800e-02	1.086725e-03	-3.69005e-03	1.516551e-03	
326	3.192800e-02	1.139044e-03	-3.79129e-03	1.513127e-03	
327	3.202800e-02	1.190028e-03	-3.88989e-03	1.509784e-03	
328	3.212800e-02	1.240041e-03	-3.98666e-03	1.506504e-03	
329	3.222800e-02	1.288637e-03	-4.08064e-03	1.503309e-03	
330	3.232800e-02	1.336149e-03	-4.17256e-03	1.500184e-03	
331	3.242800e-02	1.382165e-03	-4.26154e-03	1.497152e-03	
332	3.252800e-02	1.426987e-03	-4.34825e-03	1.494196e-03	
333	3.262800e-02	1.470240e-03	-4.43188e-03	1.491339e-03	
334	3.272800e-02	1.512199e-03	-4.51304e-03	1.488565e-03	
335	3.282800e-02	1.552517e-03	-4.59100e-03	1.485894e-03	
336	3.292800e-02	1.591447e-03	-4.66629e-03	1.483315e-03	
337	3.302800e-02	1.628671e-03	-4.73826e-03	1.480843e-03	
338	3.312800e-02	1.664418e-03	-4.80739e-03	1.478468e-03	
339	3.322800e-02	1.698400e-03	-4.87308e-03	1.476207e-03	
340	3.332800e-02	1.730825e-03	-4.93579e-03	1.474048e-03	
341	3.342800e-02	1.761430e-03	-4.99495e-03	1.472007e-03	
342	3.352800e-02	1.790405e-03	-5.05098e-03	1.470074e-03	
343	3.362800e-02	1.817511e-03	-5.10337e-03	1.468263e-03	
344	3.372800e-02	1.842924e-03	-5.15251e-03	1.466564e-03	

Index   time            v1#branch       v2#branch       v3#branch       
--------------------------------------------------------------------------------
345	3.382800e-02	1.866424e-03	-5.19793e-03	1.464991e-03	
346	3.392800e-02	1.888173e-03	-5.23999e-03	1.463535e-03	
347	3.402800e-02	1.907973e-03	-5.27826e-03	1.462208e-03	
348	3.412800e-02	1.925975e-03	-5.31306e-03	1.461001e-03	
349	3.422800e-02	1.941997e-03	-5.34403e-03	1.459926e-03	
350	3.432800e-02	1.956179e-03	-5.37145e-03	1.458974e-03	
351	3.442800e-02	1.968360e-03	-5.39499e-03	1.458156e-03	
352	3.452800e-02	1.978668e-03	-5.41492e-03	1.457464e-03	
353	3.462800e-02	1.986958e-03	-5.43094e-03	1.456906e-03	
354	3.472800e-02	1.993351e-03	-5.44331e-03	1.456477e-03	
355	3.482800e-02	1.997718e-03	-5.45175e-03	1.456183e-03	
356	3.492800e-02	2.000172e-03	-5.45650e-03	1.456019e-03	
357	3.502800e-02	2.000598e-03	-5.45732e-03	1.455990e-03	
358	3.512800e-02	1.999103e-03	-5.45444e-03	1.456091e-03	
359	3.522800e-02	1.995585e-03	-5.44764e-03	1.456327e-03	
360	3.532800e-02	1.990148e-03	-5.43714e-03	1.456694e-03	
361	3.542800e-02	1.982701e-03	-5.42275e-03	1.457194e-03	
362	3.552800e-02	1.973343e-03	-5.40467e-03	1.457824e-03	
363	3.562800e-02	1.961995e-03	-5.38274e-03	1.458586e-03	
364	3.572800e-02	1.948753e-03	-5.35715e-03	1.459476e-03	
365	3.582800e-02	1.933550e-03	-5.32777e-03	1.460497e-03	
366	3.592800e-02	1.916477e-03	-5.29477e-03	1.461643e-03	
367	3.602800e-02	1.897478e-03	-5.25805e-03	1.462916e-03	
368	3.612800e-02	1.876641e-03	-5.21778e-03	1.464313e-03	
369	3.622800e-02	1.853921e-03	-5.17386e-03	1.465834e-03	
370	3.632800e-02	1.829403e-03	-5.12647e-03	1.467474e-03	
371	3.642800e-02	1.803051e-03	-5.07553e-03	1.469235e-03	
372	3.652800e-02	1.774949e-03	-5.02121e-03	1.471112e-03	
373	3.662800e-02	1.745069e-03	-4.96344e-03	1.473105e-03	
374	3.672800e-02	1.713494e-03	-4.90241e-03	1.475209e-03	
375	3.682800e-02	1.680204e-03	-4.83804e-03	1.477425e-03	
376	3.692800e-02	1.645280e-03	-4.77052e-03	1.479747e-03	
377	3.702800e-02	1.608711e-03	-4.69982e-03	1.482176e-03	
378	3.712800e-02	1.570578e-03	-4.62609e-03	1.484705e-03	
379	3.722800e-02	1.530874e-03	-4.54931e-03	1.487336e-03	
380	3.732800e-02	1.489680e-03	-4.46966e-03	1.490062e-03	
381	3.742800e-02	1.446999e-03	-4.38711e-03	1.492882e-03	
382	3.752800e-02	1.402908e-03	-4.30185e-03	1.495792e-03	
383	3.762800e-02	1.357417e-03	-4.21387e-03	1.498791e-03	
384	3.772800e-02	1.310603e-03	-4.12333e-03	1.501873e-03	
385	3.782800e-02	1.262482e-03	-4.03025e-03	1.505037e-03	
386	3.792800e-02	1.213130e-03	-3.93479e-03	1.508277e-03	
387	3.802800e-02	1.162568e-03	-3.83699e-03	1.511593e-03	
388	3.812800e-02	1.110873e-03	-3.73699e-03	1.514979e-03	
389	3.822800e-02	1.058070e-03	-3.63484e-03	1.518433e-03	
390	3.832800e-02	1.004236e-03	-3.53069e-03	1.521951e-03	
391	3.842800e-02	9.494008e-04	-3.42460e-03	1.525531e-03	
392	3.852800e-02	8.936406e-04	-3.31673e-03	1.529167e-03	
393	3.862800e-02	8.369887e-04	-3.20711e-03	1.532858e-03	
394	3.872800e-02	7.795223e-04	-3.09593e-03	1.536600e-03	
395	3.882800e-02	7.212776e-04	-2.98323e-03	1.540390e-03	
396	3.892800e-02	6.623318e-04	-2.86918e-03	1.544225e-03	
397	3.902800e-02	6.027244e-04	-2.75384e-03	1.548104e-03	
398	3.912800e-02	5.425320e-04	-2.63738e-03	1.552022e-03	
399	3.922800e-02	4.817971e-04	-2.51987e-03	1.555980e-03	
400	3.932800e-02	4.205959e-04	-2.40147e-03	1.559977e-03	
401	3.942800e-02	3.589735e-04	-2.28227e-03	1.564016e-03	
402	3.952800e-02	2.970056e-04	-2.16242e-03	1.568102e-03	

Index   time            v1#branch       v2#branch       v3#branch       
--------------------------------------------------------------------------------
403	3.962800e-02	2.347396e-04	-2.04204e-03	1.572251e-03	
404	3.972800e-02	1.722515e-04	-1.92132e-03	1.576502e-03	
405	3.982800e-02	1.095934e-04	-1.80050e-03	1.580990e-03	
406	3.992800e-02	4.685137e-05	-1.68046e-03	1.586429e-03	
407	4.002800e-02	-1.57955e-05	-1.59402e-03	1.625244e-03	
408	4.012800e-02	-7.88730e-05	-1.59318e-03	1.750621e-03	
409	4.022800e-02	-1.41405e-04	-1.59575e-03	1.878208e-03	
410	4.032800e-02	-2.04178e-04	-1.59859e-03	2.006633e-03	
411	4.042800e-02	-2.66379e-04	-1.60149e-03	2.133895e-03	
412	4.052800e-02	-3.28661e-04	-1.60440e-03	2.261409e-03	
413	4.062800e-02	-3.90285e-04	-1.60731e-03	2.387526e-03	
414	4.072800e-02	-4.51841e-04	-1.61020e-03	2.513563e-03	
415	4.082800e-02	-5.12645e-04	-1.61307e-03	2.638011e-03	
416	4.092800e-02	-5.73233e-04	-1.61593e-03	2.762065e-03	
417	4.102800e-02	-6.32976e-04	-1.61875e-03	2.884343e-03	
418	4.112800e-02	-6.92358e-04	-1.62154e-03	3.005927e-03	
419	4.122800e-02	-7.50803e-04	-1.62430e-03	3.125548e-03	
420	4.132800e-02	-8.08748e-04	-1.62702e-03	3.244184e-03	
421	4.142800e-02	-8.65662e-04	-1.62971e-03	3.360672e-03	
422	4.152800e-02	-9.21941e-04	-1.63235e-03	3.475897e-03	
423	4.162800e-02	-9.77099e-04	-1.63495e-03	3.588790e-03	
424	4.172800e-02	-1.03149e-03	-1.63751e-03	3.700152e-03	
425	4.182800e-02	-1.08467e-03	-1.64001e-03	3.809003e-03	
426	4.192800e-02	-1.13697e-03	-1.64247e-03	3.916065e-03	
427	4.202800e-02	-1.18796e-03	-1.64487e-03	4.020440e-03	
428	4.212800e-02	-1.23795e-03	-1.64722e-03	4.122783e-03	
429	4.222800e-02	-1.28656e-03	-1.64951e-03	4.222270e-03	
430	4.232800e-02	-1.33405e-03	-1.65174e-03	4.319492e-03	
431	4.242800e-02	-1.38008e-03	-1.65390e-03	4.413696e-03	
432	4.252800e-02	-1.42488e-03	-1.65601e-03	4.505416e-03	
433	4.262800e-02	-1.46814e-03	-1.65804e-03	4.593963e-03	
434	4.272800e-02	-1.51008e-03	-1.66001e-03	4.679822e-03	
435	4.282800e-02	-1.55041e-03	-1.66191e-03	4.762361e-03	
436	4.292800e-02	-1.58932e-03	-1.66373e-03	4.842020e-03	
437	4.302800e-02	-1.62655e-03	-1.66549e-03	4.918224e-03	
438	4.312800e-02	-1.66228e-03	-1.66716e-03	4.991372e-03	
439	4.322800e-02	-1.69627e-03	-1.66876e-03	5.060939e-03	
440	4.332800e-02	-1.72867e-03	-1.67028e-03	5.127288e-03	
441	4.342800e-02	-1.75929e-03	-1.67172e-03	5.189942e-03	
442	4.352800e-02	-1.78825e-03	-1.67308e-03	5.249232e-03	
443	4.362800e-02	-1.81536e-03	-1.67436e-03	5.304726e-03	
444	4.372800e-02	-1.84076e-03	-1.67555e-03	5.356724e-03	
445	4.382800e-02	-1.86426e-03	-1.67665e-03	5.404836e-03	
446	4.392800e-02	-1.88600e-03	-1.67767e-03	5.449338e-03	
447	4.402800e-02	-1.90580e-03	-1.67861e-03	5.489878e-03	
448	4.412800e-02	-1.92380e-03	-1.67945e-03	5.526710e-03	
449	4.422800e-02	-1.93982e-03	-1.68020e-03	5.559517e-03	
450	4.432800e-02	-1.95400e-03	-1.68087e-03	5.588534e-03	
451	4.442800e-02	-1.96618e-03	-1.68144e-03	5.613478e-03	
452	4.452800e-02	-1.97648e-03	-1.68192e-03	5.634567e-03	
453	4.462800e-02	-1.98478e-03	-1.68231e-03	5.651548e-03	
454	4.472800e-02	-1.99116e-03	-1.68261e-03	5.664626e-03	
455	4.482800e-02	-1.99554e-03	-1.68282e-03	5.673578e-03	
456	4.492800e-02	-1.99798e-03	-1.68293e-03	5.678594e-03	
457	4.502800e-02	-1.99841e-03	-1.68295e-03	5.679479e-03	
458	4.512800e-02	-1.99692e-03	-1.68288e-03	5.676414e-03	
459	4.522800e-02	-1.99340e-03	-1.68272e-03	5.669230e-03	
460	4.532800e-02	-1.98796e-03	-1.68246e-03	5.658097e-03	

Index   time            v1#branch       v2#branch       v3#branch       
--------------------------------------------------------------------------------
461	4.542800e-02	-1.98052e-03	-1.68211e-03	5.642870e-03	
462	4.552800e-02	-1.97116e-03	-1.68167e-03	5.623713e-03	
463	4.562800e-02	-1.95982e-03	-1.68114e-03	5.600504e-03	
464	4.572800e-02	-1.94658e-03	-1.68052e-03	5.573398e-03	
465	4.582800e-02	-1.93138e-03	-1.67981e-03	5.542298e-03	
466	4.592800e-02	-1.91431e-03	-1.67900e-03	5.507352e-03	
467	4.602800e-02	-1.89532e-03	-1.67811e-03	5.468482e-03	
468	4.612800e-02	-1.87448e-03	-1.67713e-03	5.425834e-03	
469	4.622800e-02	-1.85177e-03	-1.67607e-03	5.379347e-03	
470	4.632800e-02	-1.82725e-03	-1.67491e-03	5.329166e-03	
471	4.642800e-02	-1.80090e-03	-1.67368e-03	5.275246e-03	
472	4.652800e-02	-1.77280e-03	-1.67235e-03	5.217729e-03	
473	4.662800e-02	-1.74293e-03	-1.67095e-03	5.156588e-03	
474	4.672800e-02	-1.71136e-03	-1.66947e-03	5.091963e-03	
475	4.682800e-02	-1.67808e-03	-1.66791e-03	5.023842e-03	
476	4.692800e-02	-1.64316e-03	-1.66626e-03	4.952364e-03	
477	4.702800e-02	-1.60660e-03	-1.66455e-03	4.877531e-03	
478	4.712800e-02	-1.56847e-03	-1.66275e-03	4.799482e-03	
479	4.722800e-02	-1.52877e-03	-1.66089e-03	4.718233e-03	
480	4.732800e-02	-1.48758e-03	-1.65895e-03	4.633921e-03	
481	4.742800e-02	-1.44491e-03	-1.65695e-03	4.546576e-03	
482	4.752800e-02	-1.40082e-03	-1.65487e-03	4.456333e-03	
483	4.762800e-02	-1.35534e-03	-1.65274e-03	4.363236e-03	
484	4.772800e-02	-1.30853e-03	-1.65053e-03	4.267420e-03	
485	4.782800e-02	-1.26041e-03	-1.64828e-03	4.168938e-03	
486	4.792800e-02	-1.21107e-03	-1.64595e-03	4.067926e-03	
487	4.802800e-02	-1.16051e-03	-1.64358e-03	3.964447e-03	
488	4.812800e-02	-1.10882e-03	-1.64114e-03	3.858638e-03	
489	4.822800e-02	-1.05603e-03	-1.63866e-03	3.750571e-03	
490	4.832800e-02	-1.00220e-03	-1.63613e-03	3.640382e-03	
491	4.842800e-02	-9.47370e-04	-1.63355e-03	3.528152e-03	
492	4.852800e-02	-8.91614e-04	-1.63092e-03	3.414018e-03	
493	4.862800e-02	-8.34969e-04	-1.62826e-03	3.298068e-03	
494	4.872800e-02	-7.77507e-04	-1.62555e-03	3.180439e-03	
495	4.882800e-02	-7.19269e-04	-1.62281e-03	3.061226e-03	
496	4.892800e-02	-6.60327e-04	-1.62003e-03	2.940567e-03	
497	4.902800e-02	-6.00726e-04	-1.61722e-03	2.818562e-03	
498	4.912800e-02	-5.40537e-04	-1.61438e-03	2.695348e-03	
499	4.922800e-02	-4.79808e-04	-1.61152e-03	2.571033e-03	
500	4.932800e-02	-4.18610e-04	-1.60863e-03	2.445754e-03	
501	4.942800e-02	-3.56993e-04	-1.60573e-03	2.319624e-03	
502	4.952800e-02	-2.95028e-04	-1.60282e-03	2.192783e-03	
503	4.962800e-02	-2.32767e-04	-1.59991e-03	2.065358e-03	
504	4.972800e-02	-1.70281e-04	-1.59703e-03	1.937510e-03	
505	4.982800e-02	-1.07627e-04	-1.59429e-03	1.809465e-03	
506	4.992800e-02	-4.48890e-05	-1.59233e-03	1.682038e-03	
507	5.002800e-02	1.776123e-05	-1.62689e-03	1.591331e-03	
508	5.012800e-02	8.086925e-05	-1.74507e-03	1.583235e-03	
509	5.022800e-02	1.433722e-04	-1.86531e-03	1.578522e-03	
510	5.032800e-02	2.061809e-04	-1.98663e-03	1.574174e-03	
511	5.042800e-02	2.683504e-04	-2.10674e-03	1.569994e-03	
512	5.052800e-02	3.306709e-04	-2.22730e-03	1.565870e-03	
513	5.062800e-02	3.922672e-04	-2.34641e-03	1.561824e-03	
514	5.072800e-02	4.538578e-04	-2.46560e-03	1.557797e-03	
515	5.082800e-02	5.146374e-04	-2.58315e-03	1.553832e-03	
516	5.092800e-02	5.752578e-04	-2.70048e-03	1.549884e-03	
517	5.102800e-02	6.349789e-04	-2.81600e-03	1.545998e-03	
518	5.112800e-02	6.943923e-04	-2.93100e-03	1.542133e-03	

Index   time            v1#branch       v2#branch       v3#branch       
--------------------------------------------------------------------------------
519	5.122800e-02	7.528173e-04	-3.04401e-03	1.538331e-03	
520	5.132800e-02	8.107911e-04	-3.15622e-03	1.534557e-03	
521	5.142800e-02	8.676878e-04	-3.26628e-03	1.530851e-03	
522	5.152800e-02	9.239948e-04	-3.37525e-03	1.527181e-03	
523	5.162800e-02	9.791369e-04	-3.48191e-03	1.523582e-03	
524	5.172800e-02	1.033557e-03	-3.58722e-03	1.520028e-03	
525	5.182800e-02	1.086725e-03	-3.69005e-03	1.516552e-03	
526	5.192800e-02	1.139044e-03	-3.79129e-03	1.513127e-03	
527	5.202800e-02	1.190028e-03	-3.88990e-03	1.509785e-03	
528	5.212800e-02	1.240041e-03	-3.98666e-03	1.506503e-03	
529	5.222800e-02	1.288637e-03	-4.08064e-03	1.503310e-03	
530	5.232800e-02	1.336149e-03	-4.17256e-03	1.500184e-03	
531	5.242800e-02	1.382165e-03	-4.26154e-03	1.497153e-03	
532	5.252800e-02	1.426987e-03	-4.34825e-03	1.494196e-03	
533	5.262800e-02	1.470240e-03	-4.43188e-03	1.491339e-03	
534	5.272800e-02	1.512199e-03	-4.51304e-03	1.488564e-03	
535	5.282800e-02	1.552517e-03	-4.59100e-03	1.485895e-03	
536	5.292800e-02	1.591447e-03	-4.66629e-03	1.483314e-03	
537	5.302800e-02	1.628671e-03	-4.73826e-03	1.480844e-03	
538	5.312800e-02	1.664418e-03	-4.80739e-03	1.478468e-03	
539	5.322800e-02	1.698400e-03	-4.87308e-03	1.476207e-03	
540	5.332800e-02	1.730825e-03	-4.93579e-03	1.474048e-03	
541	5.342800e-02	1.761430e-03	-4.99495e-03	1.472008e-03	
542	5.352800e-02	1.790405e-03	-5.05098e-03	1.470074e-03	
543	5.362800e-02	1.817511e-03	-5.10337e-03	1.468263e-03	
544	5.372800e-02	1.842924e-03	-5.15251e-03	1.466564e-03	
545	5.382800e-02	1.866424e-03	-5.19793e-03	1.464992e-03	
546	5.392800e-02	1.888173e-03	-5.23999e-03	1.463535e-03	
547	5.402800e-02	1.907973e-03	-5.27826e-03	1.462208e-03	
548	5.412800e-02	1.925975e-03	-5.31306e-03	1.461001e-03	
549	5.422800e-02	1.941997e-03	-5.34403e-03	1.459926e-03	
550	5.432800e-02	1.956179e-03	-5.37145e-03	1.458974e-03	
551	5.442800e-02	1.968360e-03	-5.39499e-03	1.458156e-03	
552	5.452800e-02	1.978668e-03	-5.41492e-03	1.457463e-03	
553	5.462800e-02	1.986958e-03	-5.43094e-03	1.456907e-03	
554	5.472800e-02	1.993351e-03	-5.44331e-03	1.456476e-03	
555	5.482800e-02	1.997718e-03	-5.45175e-03	1.456184e-03	
556	5.492800e-02	2.000172e-03	-5.45650e-03	1.456018e-03	
557	5.502800e-02	2.000598e-03	-5.45732e-03	1.455990e-03	
558	5.512800e-02	1.999103e-03	-5.45444e-03	1.456091e-03	
559	5.522800e-02	1.995585e-03	-5.44764e-03	1.456328e-03	
560	5.532800e-02	1.990148e-03	-5.43714e-03	1.456693e-03	
561	5.542800e-02	1.982701e-03	-5.42275e-03	1.457195e-03	
562	5.552800e-02	1.973343e-03	-5.40467e-03	1.457824e-03	
563	5.562800e-02	1.961995e-03	-5.38274e-03	1.458587e-03	
564	5.572800e-02	1.948753e-03	-5.35715e-03	1.459476e-03	
565	5.582800e-02	1.933550e-03	-5.32777e-03	1.460497e-03	
566	5.592800e-02	1.916477e-03	-5.29477e-03	1.461642e-03	
567	5.602800e-02	1.897478e-03	-5.25805e-03	1.462917e-03	
568	5.612800e-02	1.876641e-03	-5.21778e-03	1.464312e-03	
569	5.622800e-02	1.853921e-03	-5.17386e-03	1.465834e-03	
570	5.632800e-02	1.829403e-03	-5.12647e-03	1.467474e-03	
571	5.642800e-02	1.803051e-03	-5.07553e-03	1.469235e-03	
572	5.652800e-02	1.774949e-03	-5.02121e-03	1.471111e-03	
573	5.662800e-02	1.745069e-03	-4.96345e-03	1.473105e-03	
574	5.672800e-02	1.713494e-03	-4.90240e-03	1.475209e-03	
575	5.682800e-02	1.680204e-03	-4.83804e-03	1.477425e-03	
576	5.692800e-02	1.645280e-03	-4.77052e-03	1.479747e-03	

Index   time            v1#branch       v2#branch       v3#branch       
--------------------------------------------------------------------------------
577	5.702800e-02	1.608712e-03	-4.69982e-03	1.482176e-03	
578	5.712800e-02	1.570578e-03	-4.62608e-03	1.484705e-03	
579	5.722800e-02	1.530874e-03	-4.54931e-03	1.487336e-03	
580	5.732800e-02	1.489680e-03	-4.46965e-03	1.490061e-03	
581	5.742800e-02	1.446999e-03	-4.38711e-03	1.492883e-03	
582	5.752800e-02	1.402908e-03	-4.30185e-03	1.495792e-03	
583	5.762800e-02	1.357417e-03	-4.21387e-03	1.498791e-03	
584	5.772800e-02	1.310603e-03	-4.12333e-03	1.501872e-03	
585	5.782800e-02	1.262482e-03	-4.03025e-03	1.505037e-03	
586	5.792800e-02	1.213130e-03	-3.93479e-03	1.508277e-03	
587	5.802800e-02	1.162568e-03	-3.83699e-03	1.511594e-03	
588	5.812800e-02	1.110873e-03	-3.73699e-03	1.514979e-03	
589	5.822800e-02	1.058070e-03	-3.63484e-03	1.518434e-03	
590	5.832800e-02	1.004236e-03	-3.53069e-03	1.521951e-03	
591	5.842800e-02	9.494008e-04	-3.42461e-03	1.525531e-03	
592	5.852800e-02	8.936406e-04	-3.31672e-03	1.529167e-03	
593	5.862800e-02	8.369887e-04	-3.20712e-03	1.532859e-03	
594	5.872800e-02	7.795222e-04	-3.09593e-03	1.536600e-03	
595	5.882800e-02	7.212777e-04	-2.98323e-03	1.540391e-03	
596	5.892800e-02	6.623318e-04	-2.86918e-03	1.544225e-03	
597	5.902800e-02	6.027244e-04	-2.75385e-03	1.548104e-03	
598	5.912800e-02	5.425320e-04	-2.63738e-03	1.552021e-03	
599	5.922800e-02	4.817971e-04	-2.51987e-03	1.555981e-03	
600	5.932800e-02	4.205959e-04	-2.40147e-03	1.559976e-03	
601	5.942800e-02	3.589735e-04	-2.28227e-03	1.564016e-03	
602	5.952800e-02	2.970055e-04	-2.16242e-03	1.568101e-03	
603	5.962800e-02	2.347397e-04	-2.04204e-03	1.572252e-03	
604	5.972800e-02	1.722514e-04	-1.92132e-03	1.576501e-03	
605	5.982800e-02	1.095935e-04	-1.80050e-03	1.580991e-03	
606	5.992800e-02	4.685133e-05	-1.68046e-03	1.586429e-03	
607	6.002800e-02	-1.57955e-05	-1.59402e-03	1.625245e-03	
608	6.012800e-02	-7.88730e-05	-1.59318e-03	1.750620e-03	
609	6.022800e-02	-1.41405e-04	-1.59575e-03	1.878209e-03	
610	6.032800e-02	-2.04178e-04	-1.59859e-03	2.006632e-03	
611	6.042800e-02	-2.66379e-04	-1.60149e-03	2.133895e-03	
612	6.052800e-02	-3.28661e-04	-1.60440e-03	2.261408e-03	
613	6.062800e-02	-3.90285e-04	-1.60731e-03	2.387527e-03	
614	6.072800e-02	-4.51841e-04	-1.61020e-03	2.513562e-03	
615	6.082800e-02	-5.12645e-04	-1.61308e-03	2.638012e-03	
616	6.092800e-02	-5.73233e-04	-1.61593e-03	2.762064e-03	
617	6.102800e-02	-6.32976e-04	-1.61875e-03	2.884344e-03	
618	6.112800e-02	-6.92358e-04	-1.62154e-03	3.005926e-03	
619	6.122800e-02	-7.50803e-04	-1.62430e-03	3.125548e-03	
620	6.132800e-02	-8.08748e-04	-1.62702e-03	3.244183e-03	
621	6.142800e-02	-8.65662e-04	-1.62971e-03	3.360673e-03	
622	6.152800e-02	-9.21941e-04	-1.63235e-03	3.475896e-03	
623	6.162800e-02	-9.77099e-04	-1.63495e-03	3.588791e-03	
624	6.172800e-02	-1.03149e-03	-1.63751e-03	3.700151e-03	
625	6.182800e-02	-1.08467e-03	-1.64002e-03	3.809003e-03	
626	6.192800e-02	-1.13697e-03	-1.64247e-03	3.916064e-03	
627	6.202800e-02	-1.18796e-03	-1.64487e-03	4.020441e-03	
628	6.212800e-02	-1.23795e-03	-1.64722e-03	4.122782e-03	
629	6.222800e-02	-1.28656e-03	-1.64951e-03	4.222271e-03	
630	6.232800e-02	-1.33405e-03	-1.65174e-03	4.319492e-03	
631	6.242800e-02	-1.38008e-03	-1.65391e-03	4.413697e-03	
632	6.252800e-02	-1.42488e-03	-1.65601e-03	4.505415e-03	
633	6.262800e-02	-1.46814e-03	-1.65804e-03	4.593964e-03	
634	6.272800e-02	-1.51008e-03	-1.66001e-03	4.679821e-03	

Index   time            v1#branch       v2#branch       v3#branch       
--------------------------------------------------------------------------------
635	6.282800e-02	-1.55041e-03	-1.66191e-03	4.762362e-03	
636	6.292800e-02	-1.58932e-03	-1.66373e-03	4.842019e-03	
637	6.302800e-02	-1.62655e-03	-1.66549e-03	4.918225e-03	
638	6.312800e-02	-1.66228e-03	-1.66716e-03	4.991371e-03	
639	6.322800e-02	-1.69627e-03	-1.66876e-03	5.060940e-03	
640	6.332800e-02	-1.72867e-03	-1.67028e-03	5.127287e-03	
641	6.342800e-02	-1.75929e-03	-1.67172e-03	5.189943e-03	
642	6.352800e-02	-1.78825e-03	-1.67308e-03	5.249231e-03	
643	6.362800e-02	-1.81536e-03	-1.67436e-03	5.304727e-03	
644	6.372800e-02	-1.84076e-03	-1.67555e-03	5.356723e-03	
645	6.382800e-02	-1.86426e-03	-1.67666e-03	5.404837e-03	
646	6.392800e-02	-1.88600e-03	-1.67767e-03	5.449337e-03	
647	6.402800e-02	-1.90581e-03	-1.67861e-03	5.489879e-03	
648	6.412800e-02	-1.92380e-03	-1.67945e-03	5.526709e-03	
649	6.422800e-02	-1.93982e-03	-1.68020e-03	5.559518e-03	
650	6.432800e-02	-1.95400e-03	-1.68086e-03	5.588533e-03	
651	6.442800e-02	-1.96618e-03	-1.68144e-03	5.613479e-03	
652	6.452800e-02	-1.97648e-03	-1.68192e-03	5.634566e-03	
653	6.462800e-02	-1.98478e-03	-1.68232e-03	5.651549e-03	
654	6.472800e-02	-1.99116e-03	-1.68261e-03	5.664625e-03	
655	6.482800e-02	-1.99554e-03	-1.68282e-03	5.673579e-03	
656	6.492800e-02	-1.99798e-03	-1.68293e-03	5.678593e-03	
657	6.502800e-02	-1.99841e-03	-1.68296e-03	5.679480e-03	
658	6.512800e-02	-1.99692e-03	-1.68288e-03	5.676413e-03	
659	6.522800e-02	-1.99340e-03	-1.68272e-03	5.669231e-03	
660	6.532800e-02	-1.98796e-03	-1.68246e-03	5.658096e-03	
661	6.542800e-02	-1.98052e-03	-1.68211e-03	5.642871e-03	
662	6.552800e-02	-1.97116e-03	-1.68167e-03	5.623712e-03	
663	6.562800e-02	-1.95982e-03	-1.68114e-03	5.600505e-03	
664	6.572800e-02	-1.94658e-03	-1.68051e-03	5.573397e-03	
665	6.582800e-02	-1.93138e-03	-1.67981e-03	5.542299e-03	
666	6.592800e-02	-1.91431e-03	-1.67900e-03	5.507351e-03	
667	6.602800e-02	-1.89532e-03	-1.67811e-03	5.468483e-03	
668	6.612800e-02	-1.87448e-03	-1.67713e-03	5.425833e-03	
669	6.622800e-02	-1.85177e-03	-1.67607e-03	5.379348e-03	
670	6.632800e-02	-1.82725e-03	-1.67491e-03	5.329165e-03	
671	6.642800e-02	-1.80090e-03	-1.67368e-03	5.275247e-03	
672	6.652800e-02	-1.77280e-03	-1.67235e-03	5.217728e-03	
673	6.662800e-02	-1.74293e-03	-1.67095e-03	5.156589e-03	
674	6.672800e-02	-1.71136e-03	-1.66946e-03	5.091962e-03	
675	6.682800e-02	-1.67808e-03	-1.66791e-03	5.023843e-03	
676	6.692800e-02	-1.64316e-03	-1.66626e-03	4.952363e-03	
677	6.702800e-02	-1.60660e-03	-1.66455e-03	4.877532e-03	
678	6.712800e-02	-1.56847e-03	-1.66275e-03	4.799481e-03	
679	6.722800e-02	-1.52877e-03	-1.66089e-03	4.718234e-03	
680	6.732800e-02	-1.48758e-03	-1.65895e-03	4.633920e-03	
681	6.742800e-02	-1.44491e-03	-1.65695e-03	4.546577e-03	
682	6.752800e-02	-1.40082e-03	-1.65487e-03	4.456332e-03	
683	6.762800e-02	-1.35534e-03	-1.65274e-03	4.363237e-03	
684	6.772800e-02	-1.30853e-03	-1.65053e-03	4.267419e-03	
685	6.782800e-02	-1.26041e-03	-1.64828e-03	4.168939e-03	
686	6.792800e-02	-1.21107e-03	-1.64595e-03	4.067925e-03	
687	6.802800e-02	-1.16051e-03	-1.64358e-03	3.964448e-03	
688	6.812800e-02	-1.10882e-03	-1.64114e-03	3.858637e-03	
689	6.822800e-02	-1.05603e-03	-1.63866e-03	3.750572e-03	
690	6.832800e-02	-1.00220e-03	-1.63613e-03	3.640381e-03	
691	6.842800e-02	-9.47370e-04	-1.63355e-03	3.528153e-03	
692	6.852800e-02	-8.91614e-04	-1.63092e-03	3.414017e-03	

Index   time            v1#branch       v2#branch       v3#branch       
--------------------------------------------------------------------------------
693	6.862800e-02	-8.34969e-04	-1.62826e-03	3.298069e-03	
694	6.872800e-02	-7.77507e-04	-1.62555e-03	3.180438e-03	
695	6.882800e-02	-7.19269e-04	-1.62281e-03	3.061227e-03	
696	6.892800e-02	-6.60327e-04	-1.62003e-03	2.940566e-03	
697	6.902800e-02	-6.00726e-04	-1.61722e-03	2.818563e-03	
698	6.912800e-02	-5.40537e-04	-1.61438e-03	2.695347e-03	
699	6.922800e-02	-4.79808e-04	-1.61152e-03	2.571034e-03	
700	6.932800e-02	-4.18610e-04	-1.60863e-03	2.445753e-03	
701	6.942800e-02	-3.56993e-04	-1.60574e-03	2.319625e-03	
702	6.952800e-02	-2.95028e-04	-1.60282e-03	2.192782e-03	
703	6.962800e-02	-2.32767e-04	-1.59991e-03	2.065359e-03	
704	6.972800e-02	-1.70281e-04	-1.59703e-03	1.937509e-03	
705	6.982800e-02	-1.07628e-04	-1.59429e-03	1.809466e-03	
706	6.992800e-02	-4.48890e-05	-1.59233e-03	1.682037e-03	
707	7.002800e-02	1.776118e-05	-1.62689e-03	1.591332e-03	
708	7.012800e-02	8.086930e-05	-1.74507e-03	1.583234e-03	
709	7.022800e-02	1.433722e-04	-1.86531e-03	1.578522e-03	
710	7.032800e-02	2.061810e-04	-1.98663e-03	1.574173e-03	
711	7.042800e-02	2.683504e-04	-2.10674e-03	1.569994e-03	
712	7.052800e-02	3.306710e-04	-2.22730e-03	1.565870e-03	
713	7.062800e-02	3.922672e-04	-2.34641e-03	1.561824e-03	
714	7.072800e-02	4.538578e-04	-2.46560e-03	1.557796e-03	
715	7.082800e-02	5.146373e-04	-2.58315e-03	1.553832e-03	
716	7.092800e-02	5.752579e-04	-2.70048e-03	1.549884e-03	
717	7.102800e-02	6.349789e-04	-2.81600e-03	1.545998e-03	
718	7.112800e-02	6.943923e-04	-2.93100e-03	1.542132e-03	
719	7.122800e-02	7.528173e-04	-3.04401e-03	1.538331e-03	
720	7.132800e-02	8.107911e-04	-3.15622e-03	1.534557e-03	
721	7.142800e-02	8.676877e-04	-3.26628e-03	1.530851e-03	
722	7.152800e-02	9.239948e-04	-3.37525e-03	1.527180e-03	
723	7.162800e-02	9.791369e-04	-3.48191e-03	1.523583e-03	
724	7.172800e-02	1.033557e-03	-3.58722e-03	1.520028e-03	
725	7.182800e-02	1.086725e-03	-3.69005e-03	1.516552e-03	
726	7.192800e-02	1.139044e-03	-3.79129e-03	1.513126e-03	
727	7.202800e-02	1.190028e-03	-3.88990e-03	1.509786e-03	
728	7.212800e-02	1.240041e-03	-3.98666e-03	1.506502e-03	
729	7.222800e-02	1.288637e-03	-4.08064e-03	1.503310e-03	
730	7.232800e-02	1.336149e-03	-4.17256e-03	1.500183e-03	
731	7.242800e-02	1.382165e-03	-4.26154e-03	1.497153e-03	
732	7.252800e-02	1.426987e-03	-4.34825e-03	1.494195e-03	
733	7.262800e-02	1.470241e-03	-4.43188e-03	1.491340e-03	
734	7.272800e-02	1.512199e-03	-4.51304e-03	1.488564e-03	
735	7.282800e-02	1.552517e-03	-4.59100e-03	1.485895e-03	
736	7.292800e-02	1.591447e-03	-4.66629e-03	1.483314e-03	
737	7.302800e-02	1.628671e-03	-4.73826e-03	1.480844e-03	
738	7.312800e-02	1.664418e-03	-4.80739e-03	1.478467e-03	
739	7.322800e-02	1.698400e-03	-4.87308e-03	1.476208e-03	
740	7.332800e-02	1.730825e-03	-4.93579e-03	1.474047e-03	
741	7.342800e-02	1.761430e-03	-4.99495e-03	1.472008e-03	
742	7.352800e-02	1.790405e-03	-5.05098e-03	1.470073e-03	
743	7.362800e-02	1.817511e-03	-5.10337e-03	1.468264e-03	
744	7.372800e-02	1.842924e-03	-5.15251e-03	1.466563e-03	
745	7.382800e-02	1.866424e-03	-5.19793e-03	1.464992e-03	
746	7.392800e-02	1.888173e-03	-5.23999e-03	1.463534e-03	
747	7.402800e-02	1.907973e-03	-5.27826e-03	1.462209e-03	
748	7.412800e-02	1.925975e-03	-5.31306e-03	1.461000e-03	
749	7.422800e-02	1.941997e-03	-5.34403e-03	1.459927e-03	
750	7.432800e-02	1.956179e-03	-5.37145e-03	1.458973e-03	

Index   time            v1#branch       v2#branch       v3#branch       
--------------------------------------------------------------------------------
751	7.442800e-02	1.968360e-03	-5.39499e-03	1.458157e-03	
752	7.452800e-02	1.978668e-03	-5.41492e-03	1.457463e-03	
753	7.462800e-02	1.986958e-03	-5.43094e-03	1.456907e-03	
754	7.472800e-02	1.993351e-03	-5.44331e-03	1.456476e-03	
755	7.482800e-02	1.997718e-03	-5.45175e-03	1.456184e-03	
756	7.492800e-02	2.000172e-03	-5.45650e-03	1.456018e-03	
757	7.502800e-02	2.000598e-03	-5.45732e-03	1.455991e-03	
758	7.512800e-02	1.999103e-03	-5.45444e-03	1.456090e-03	
759	7.522800e-02	1.995585e-03	-5.44764e-03	1.456328e-03	
760	7.532800e-02	1.990148e-03	-5.43714e-03	1.456693e-03	
761	7.542800e-02	1.982701e-03	-5.42275e-03	1.457195e-03	
762	7.552800e-02	1.973342e-03	-5.40467e-03	1.457823e-03	
763	7.562800e-02	1.961995e-03	-5.38274e-03	1.458587e-03	
764	7.572800e-02	1.948753e-03	-5.35715e-03	1.459475e-03	
765	7.582800e-02	1.933550e-03	-5.32777e-03	1.460498e-03	
766	7.592800e-02	1.916477e-03	-5.29477e-03	1.461642e-03	
767	7.602800e-02	1.897478e-03	-5.25805e-03	1.462917e-03	
768	7.612800e-02	1.876641e-03	-5.21778e-03	1.464312e-03	
769	7.622800e-02	1.853921e-03	-5.17386e-03	1.465835e-03	
770	7.632800e-02	1.829403e-03	-5.12647e-03	1.467473e-03	
771	7.642800e-02	1.803051e-03	-5.07553e-03	1.469236e-03	
772	7.652800e-02	1.774949e-03	-5.02121e-03	1.471111e-03	
773	7.662800e-02	1.745069e-03	-4.96345e-03	1.473106e-03	
774	7.672800e-02	1.713494e-03	-4.90240e-03	1.475208e-03	
775	7.682800e-02	1.680204e-03	-4.83804e-03	1.477426e-03	
776	7.692800e-02	1.645280e-03	-4.77052e-03	1.479746e-03	
777	7.702800e-02	1.608712e-03	-4.69982e-03	1.482177e-03	
778	7.712800e-02	1.570578e-03	-4.62608e-03	1.484704e-03	
779	7.722800e-02	1.530874e-03	-4.54931e-03	1.487337e-03	
780	7.732800e-02	1.489680e-03	-4.46965e-03	1.490061e-03	
781	7.742800e-02	1.446999e-03	-4.38712e-03	1.492883e-03	
782	7.752800e-02	1.402908e-03	-4.30185e-03	1.495791e-03	
783	7.762800e-02	1.357417e-03	-4.21387e-03	1.498792e-03	
784	7.772800e-02	1.310603e-03	-4.12333e-03	1.501872e-03	
785	7.782800e-02	1.262482e-03	-4.03025e-03	1.505038e-03	
786	7.792800e-02	1.213130e-03	-3.93479e-03	1.508276e-03	
787	7.802800e-02	1.162568e-03	-3.83699e-03	1.511594e-03	
788	7.812800e-02	1.110873e-03	-3.73699e-03	1.514978e-03	
789	7.822800e-02	1.058070e-03	-3.63484e-03	1.518434e-03	
790	7.832800e-02	1.004236e-03	-3.53069e-03	1.521950e-03	
791	7.842800e-02	9.494008e-04	-3.42461e-03	1.525532e-03	
792	7.852800e-02	8.936406e-04	-3.31672e-03	1.529166e-03	
793	7.862800e-02	8.369888e-04	-3.20712e-03	1.532859e-03	
794	7.872800e-02	7.795222e-04	-3.09593e-03	1.536599e-03	
795	7.882800e-02	7.212777e-04	-2.98323e-03	1.540391e-03	
796	7.892800e-02	6.623318e-04	-2.86918e-03	1.544224e-03	
797	7.902800e-02	6.027245e-04	-2.75385e-03	1.548105e-03	
798	7.912800e-02	5.425319e-04	-2.63738e-03	1.552021e-03	
799	7.922800e-02	4.817972e-04	-2.51987e-03	1.555981e-03	
800	7.932800e-02	4.205958e-04	-2.40147e-03	1.559976e-03	
801	7.942800e-02	3.589735e-04	-2.28227e-03	1.564017e-03	
802	7.952800e-02	2.970055e-04	-2.16242e-03	1.568100e-03	
803	7.962800e-02	2.347397e-04	-2.04204e-03	1.572252e-03	
804	7.972800e-02	1.722514e-04	-1.92132e-03	1.576501e-03	
805	7.982800e-02	1.095935e-04	-1.80050e-03	1.580991e-03	
806	7.992800e-02	4.685129e-05	-1.68046e-03	1.586428e-03	
807	8.002800e-02	-1.57954e-05	-1.59402e-03	1.625246e-03	
808	8.012800e-02	-7.88730e-05	-1.59318e-03	1.750619e-03	

Index   time            v1#branch       v2#branch       v3#branch       
--------------------------------------------------------------------------------
809	8.022800e-02	-1.41405e-04	-1.59575e-03	1.878210e-03	
810	8.032800e-02	-2.04178e-04	-1.59859e-03	2.006631e-03	
811	8.042800e-02	-2.66379e-04	-1.60149e-03	2.133896e-03	
812	8.052800e-02	-3.28661e-04	-1.60440e-03	2.261407e-03	
813	8.062800e-02	-3.90285e-04	-1.60731e-03	2.387528e-03	
814	8.072800e-02	-4.51841e-04	-1.61020e-03	2.513562e-03	
815	8.082800e-02	-5.12645e-04	-1.61308e-03	2.638013e-03	
816	8.092800e-02	-5.73233e-04	-1.61593e-03	2.762064e-03	
817	8.102800e-02	-6.32976e-04	-1.61875e-03	2.884345e-03	
818	8.112800e-02	-6.92358e-04	-1.62154e-03	3.005925e-03	
819	8.122800e-02	-7.50803e-04	-1.62430e-03	3.125549e-03	
820	8.132800e-02	-8.08748e-04	-1.62702e-03	3.244182e-03	
821	8.142800e-02	-8.65662e-04	-1.62971e-03	3.360674e-03	
822	8.152800e-02	-9.21941e-04	-1.63235e-03	3.475895e-03	
823	8.162800e-02	-9.77099e-04	-1.63496e-03	3.588792e-03	
824	8.172800e-02	-1.03149e-03	-1.63751e-03	3.700150e-03	
825	8.182800e-02	-1.08467e-03	-1.64002e-03	3.809004e-03	
826	8.192800e-02	-1.13697e-03	-1.64247e-03	3.916063e-03	
827	8.202800e-02	-1.18796e-03	-1.64487e-03	4.020442e-03	
828	8.212800e-02	-1.23795e-03	-1.64722e-03	4.122781e-03	
829	8.222800e-02	-1.28656e-03	-1.64951e-03	4.222272e-03	
830	8.232800e-02	-1.33405e-03	-1.65174e-03	4.319491e-03	
831	8.242800e-02	-1.38008e-03	-1.65391e-03	4.413698e-03	
832	8.252800e-02	-1.42488e-03	-1.65600e-03	4.505414e-03	
833	8.262800e-02	-1.46814e-03	-1.65805e-03	4.593965e-03	
834	8.272800e-02	-1.51008e-03	-1.66001e-03	4.679820e-03	
835	8.282800e-02	-1.55041e-03	-1.66191e-03	4.762363e-03	
836	8.292800e-02	-1.58932e-03	-1.66373e-03	4.842018e-03	
837	8.302800e-02	-1.62655e-03	-1.66549e-03	4.918226e-03	
838	8.312800e-02	-1.66228e-03	-1.66716e-03	4.991370e-03	
839	8.322800e-02	-1.69627e-03	-1.66876e-03	5.060941e-03	
840	8.332800e-02	-1.72867e-03	-1.67028e-03	5.127286e-03	
841	8.342800e-02	-1.75929e-03	-1.67172e-03	5.189944e-03	
842	8.352800e-02	-1.78825e-03	-1.67308e-03	5.249230e-03	
843	8.362800e-02	-1.81536e-03	-1.67436e-03	5.304728e-03	
844	8.372800e-02	-1.84076e-03	-1.67554e-03	5.356722e-03	
845	8.382800e-02	-1.86426e-03	-1.67666e-03	5.404838e-03	
846	8.392800e-02	-1.88600e-03	-1.67767e-03	5.449336e-03	
847	8.402800e-02	-1.90581e-03	-1.67861e-03	5.489880e-03	
848	8.412800e-02	-1.92380e-03	-1.67944e-03	5.526708e-03	
849	8.422800e-02	-1.93982e-03	-1.68020e-03	5.559519e-03	
850	8.432800e-02	-1.95400e-03	-1.68086e-03	5.588532e-03	
851	8.442800e-02	-1.96618e-03	-1.68144e-03	5.613480e-03	
852	8.452800e-02	-1.97648e-03	-1.68192e-03	5.634565e-03	
853	8.462800e-02	-1.98478e-03	-1.68232e-03	5.651550e-03	
854	8.472800e-02	-1.99116e-03	-1.68261e-03	5.664624e-03	
855	8.482800e-02	-1.99554e-03	-1.68282e-03	5.673580e-03	
856	8.492800e-02	-1.99798e-03	-1.68293e-03	5.678592e-03	
857	8.502800e-02	-1.99841e-03	-1.68296e-03	5.679481e-03	
858	8.512800e-02	-1.99692e-03	-1.68288e-03	5.676412e-03	
859	8.522800e-02	-1.99340e-03	-1.68272e-03	5.669232e-03	
860	8.532800e-02	-1.98796e-03	-1.68246e-03	5.658095e-03	
861	8.542800e-02	-1.98052e-03	-1.68212e-03	5.642872e-03	
862	8.552800e-02	-1.97116e-03	-1.68167e-03	5.623711e-03	
863	8.562800e-02	-1.95982e-03	-1.68114e-03	5.600506e-03	
864	8.572800e-02	-1.94658e-03	-1.68051e-03	5.573396e-03	
865	8.582800e-02	-1.93138e-03	-1.67981e-03	5.542300e-03	
866	8.592800e-02	-1.91431e-03	-1.67900e-03	5.507350e-03	

Index   time            v1#branch       v2#branch       v3#branch       
--------------------------------------------------------------------------------
867	8.602800e-02	-1.89532e-03	-1.67811e-03	5.468484e-03	
868	8.612800e-02	-1.87448e-03	-1.67713e-03	5.425832e-03	
869	8.622800e-02	-1.85177e-03	-1.67607e-03	5.379349e-03	
870	8.632800e-02	-1.82725e-03	-1.67491e-03	5.329164e-03	
871	8.642800e-02	-1.80090e-03	-1.67368e-03	5.275248e-03	
872	8.652800e-02	-1.77280e-03	-1.67235e-03	5.217727e-03	
873	8.662800e-02	-1.74293e-03	-1.67095e-03	5.156590e-03	
874	8.672800e-02	-1.71136e-03	-1.66946e-03	5.091961e-03	
875	8.682800e-02	-1.67808e-03	-1.66791e-03	5.023844e-03	
876	8.692800e-02	-1.64316e-03	-1.66626e-03	4.952362e-03	
877	8.702800e-02	-1.60660e-03	-1.66455e-03	4.877533e-03	
878	8.712800e-02	-1.56847e-03	-1.66275e-03	4.799480e-03	
879	8.722800e-02	-1.52877e-03	-1.66089e-03	4.718235e-03	
880	8.732800e-02	-1.48758e-03	-1.65895e-03	4.633919e-03	
881	8.742800e-02	-1.44491e-03	-1.65695e-03	4.546578e-03	
882	8.752800e-02	-1.40082e-03	-1.65487e-03	4.456331e-03	
883	8.762800e-02	-1.35534e-03	-1.65274e-03	4.363238e-03	
884	8.772800e-02	-1.30853e-03	-1.65053e-03	4.267418e-03	
885	8.782800e-02	-1.26041e-03	-1.64828e-03	4.168940e-03	
886	8.792800e-02	-1.21107e-03	-1.64595e-03	4.067924e-03	
887	8.802800e-02	-1.16051e-03	-1.64358e-03	3.964449e-03	
888	8.812800e-02	-1.10882e-03	-1.64114e-03	3.858636e-03	
889	8.822800e-02	-1.05603e-03	-1.63866e-03	3.750573e-03	
890	8.832800e-02	-1.00220e-03	-1.63612e-03	3.640380e-03	
891	8.842800e-02	-9.47370e-04	-1.63355e-03	3.528154e-03	
892	8.852800e-02	-8.91614e-04	-1.63092e-03	3.414016e-03	
893	8.862800e-02	-8.34969e-04	-1.62826e-03	3.298070e-03	
894	8.872800e-02	-7.77507e-04	-1.62555e-03	3.180437e-03	
895	8.882800e-02	-7.19269e-04	-1.62281e-03	3.061228e-03	
896	8.892800e-02	-6.60327e-04	-1.62003e-03	2.940565e-03	
897	8.902800e-02	-6.00726e-04	-1.61722e-03	2.818564e-03	
898	8.912800e-02	-5.40537e-04	-1.61438e-03	2.695346e-03	
899	8.922800e-02	-4.79808e-04	-1.61152e-03	2.571035e-03	
900	8.932800e-02	-4.18610e-04	-1.60863e-03	2.445752e-03	
901	8.942800e-02	-3.56993e-04	-1.60574e-03	2.319626e-03	
902	8.952800e-02	-2.95028e-04	-1.60282e-03	2.192781e-03	
903	8.962800e-02	-2.32767e-04	-1.59991e-03	2.065360e-03	
904	8.972800e-02	-1.70281e-04	-1.59703e-03	1.937508e-03	
905	8.982800e-02	-1.07628e-04	-1.59429e-03	1.809467e-03	
906	8.992800e-02	-4.48889e-05	-1.59233e-03	1.682036e-03	
907	9.002800e-02	1.776112e-05	-1.62689e-03	1.591333e-03	
908	9.012800e-02	8.086934e-05	-1.74507e-03	1.583234e-03	
909	9.022800e-02	1.433721e-04	-1.86532e-03	1.578523e-03	
910	9.032800e-02	2.061810e-04	-1.98663e-03	1.574173e-03	
911	9.042800e-02	2.683504e-04	-2.10674e-03	1.569995e-03	
912	9.052800e-02	3.306710e-04	-2.22730e-03	1.565869e-03	
913	9.062800e-02	3.922671e-04	-2.34641e-03	1.561825e-03	
914	9.072800e-02	4.538579e-04	-2.46560e-03	1.557795e-03	
915	9.082800e-02	5.146373e-04	-2.58316e-03	1.553833e-03	
916	9.092800e-02	5.752579e-04	-2.70048e-03	1.549883e-03	
917	9.102800e-02	6.349789e-04	-2.81600e-03	1.545999e-03	
918	9.112800e-02	6.943923e-04	-2.93100e-03	1.542131e-03	
919	9.122800e-02	7.528173e-04	-3.04401e-03	1.538332e-03	
920	9.132800e-02	8.107911e-04	-3.15622e-03	1.534556e-03	
921	9.142800e-02	8.676877e-04	-3.26628e-03	1.530852e-03	
922	9.152800e-02	9.239948e-04	-3.37524e-03	1.527180e-03	
923	9.162800e-02	9.791369e-04	-3.48191e-03	1.523584e-03	
924	9.172800e-02	1.033557e-03	-3.58722e-03	1.520027e-03	

Index   time            v1#branch       v2#branch       v3#branch       
--------------------------------------------------------------------------------
925	9.182800e-02	1.086725e-03	-3.69006e-03	1.516553e-03	
926	9.192800e-02	1.139044e-03	-3.79129e-03	1.513126e-03	
927	9.202800e-02	1.190028e-03	-3.88990e-03	1.509786e-03	
928	9.212800e-02	1.240041e-03	-3.98666e-03	1.506502e-03	
929	9.222800e-02	1.288637e-03	-4.08064e-03	1.503311e-03	
930	9.232800e-02	1.336149e-03	-4.17256e-03	1.500183e-03	
931	9.242800e-02	1.382165e-03	-4.26154e-03	1.497154e-03	
932	9.252800e-02	1.426987e-03	-4.34825e-03	1.494195e-03	
933	9.262800e-02	1.470241e-03	-4.43189e-03	1.491340e-03	
934	9.272800e-02	1.512199e-03	-4.51304e-03	1.488563e-03	
935	9.282800e-02	1.552517e-03	-4.59100e-03	1.485896e-03	
936	9.292800e-02	1.591447e-03	-4.66629e-03	1.483313e-03	
937	9.302800e-02	1.628671e-03	-4.73826e-03	1.480844e-03	
938	9.312800e-02	1.664418e-03	-4.80739e-03	1.478467e-03	
939	9.322800e-02	1.698400e-03	-4.87309e-03	1.476208e-03	
940	9.332800e-02	1.730825e-03	-4.93579e-03	1.474047e-03	
941	9.342800e-02	1.761430e-03	-4.99495e-03	1.472009e-03	
942	9.352800e-02	1.790405e-03	-5.05098e-03	1.470073e-03	
943	9.362800e-02	1.817511e-03	-5.10337e-03	1.468264e-03	
944	9.372800e-02	1.842924e-03	-5.15251e-03	1.466563e-03	
945	9.382800e-02	1.866424e-03	-5.19793e-03	1.464993e-03	
946	9.392800e-02	1.888173e-03	-5.23999e-03	1.463534e-03	
947	9.402800e-02	1.907973e-03	-5.27826e-03	1.462209e-03	
948	9.412800e-02	1.925975e-03	-5.31306e-03	1.461000e-03	
949	9.422800e-02	1.941997e-03	-5.34403e-03	1.459927e-03	
950	9.432800e-02	1.956179e-03	-5.37145e-03	1.458973e-03	
951	9.442800e-02	1.968360e-03	-5.39499e-03	1.458157e-03	
952	9.452800e-02	1.978668e-03	-5.41492e-03	1.457462e-03	
953	9.462800e-02	1.986958e-03	-5.43094e-03	1.456908e-03	
954	9.472800e-02	1.993351e-03	-5.44331e-03	1.456476e-03	
955	9.482800e-02	1.997718e-03	-5.45175e-03	1.456184e-03	
956	9.492800e-02	2.000172e-03	-5.45650e-03	1.456017e-03	
957	9.502800e-02	2.000598e-03	-5.45732e-03	1.455991e-03	
958	9.512800e-02	1.999103e-03	-5.45444e-03	1.456090e-03	
959	9.522800e-02	1.995585e-03	-5.44764e-03	1.456329e-03	
960	9.532800e-02	1.990148e-03	-5.43714e-03	1.456692e-03	
961	9.542800e-02	1.982701e-03	-5.42275e-03	1.457196e-03	
962	9.552800e-02	1.973342e-03	-5.40467e-03	1.457823e-03	
963	9.562800e-02	1.961995e-03	-5.38274e-03	1.458588e-03	
964	9.572800e-02	1.948753e-03	-5.35715e-03	1.459475e-03	
965	9.582800e-02	1.933550e-03	-5.32777e-03	1.460498e-03	
966	9.592800e-02	1.916477e-03	-5.29477e-03	1.461641e-03	
967	9.602800e-02	1.897478e-03	-5.25805e-03	1.462918e-03	
968	9.612800e-02	1.876641e-03	-5.21778e-03	1.464311e-03	
969	9.622800e-02	1.853921e-03	-5.17386e-03	1.465835e-03	
970	9.632800e-02	1.829403e-03	-5.12647e-03	1.467473e-03	
971	9.642800e-02	1.803051e-03	-5.07553e-03	1.469236e-03	
972	9.652800e-02	1.774949e-03	-5.02121e-03	1.471110e-03	
973	9.662800e-02	1.745069e-03	-4.96345e-03	1.473106e-03	
974	9.672800e-02	1.713494e-03	-4.90240e-03	1.475208e-03	
975	9.682800e-02	1.680204e-03	-4.83804e-03	1.477426e-03	
976	9.692800e-02	1.645280e-03	-4.77052e-03	1.479746e-03	
977	9.702800e-02	1.608712e-03	-4.69982e-03	1.482177e-03	
978	9.712800e-02	1.570577e-03	-4.62608e-03	1.484704e-03	
979	9.722800e-02	1.530874e-03	-4.54931e-03	1.487337e-03	
980	9.732800e-02	1.489680e-03	-4.46965e-03	1.490060e-03	
981	9.742800e-02	1.446999e-03	-4.38712e-03	1.492884e-03	
982	9.752800e-02	1.402908e-03	-4.30185e-03	1.495791e-03	

Index   time            v1#branch       v2#branch       v3#branch       
--------------------------------------------------------------------------------
983	9.762800e-02	1.357417e-03	-4.21387e-03	1.498792e-03	
984	9.772800e-02	1.310603e-03	-4.12333e-03	1.501871e-03	
985	9.782800e-02	1.262482e-03	-4.03025e-03	1.505038e-03	
986	9.792800e-02	1.213130e-03	-3.93479e-03	1.508276e-03	
987	9.802800e-02	1.162568e-03	-3.83699e-03	1.511595e-03	
988	9.812800e-02	1.110873e-03	-3.73699e-03	1.514978e-03	
989	9.822800e-02	1.058070e-03	-3.63484e-03	1.518435e-03	
990	9.832800e-02	1.004236e-03	-3.53069e-03	1.521950e-03	
991	9.842800e-02	9.494009e-04	-3.42461e-03	1.525532e-03	
992	9.852800e-02	8.936405e-04	-3.31672e-03	1.529166e-03	
993	9.862800e-02	8.369888e-04	-3.20712e-03	1.532860e-03	
994	9.872800e-02	7.795221e-04	-3.09593e-03	1.536599e-03	
995	9.882800e-02	7.212777e-04	-2.98323e-03	1.540392e-03	
996	9.892800e-02	6.623317e-04	-2.86918e-03	1.544224e-03	
997	9.902800e-02	6.027245e-04	-2.75385e-03	1.548105e-03	
998	9.912800e-02	5.425319e-04	-2.63738e-03	1.552020e-03	
999	9.922800e-02	4.817972e-04	-2.51987e-03	1.555982e-03	
1000	9.932800e-02	4.205958e-04	-2.40147e-03	1.559975e-03	
1001	9.942800e-02	3.589736e-04	-2.28227e-03	1.564017e-03	
1002	9.952800e-02	2.970054e-04	-2.16242e-03	1.568100e-03	
1003	9.962800e-02	2.347397e-04	-2.04204e-03	1.572253e-03	
1004	9.972800e-02	1.722514e-04	-1.92132e-03	1.576500e-03	
1005	9.982800e-02	1.095935e-04	-1.80050e-03	1.580992e-03	
1006	9.992800e-02	4.685125e-05	-1.68046e-03	1.586427e-03	
1007	1.000000e-01	1.751743e-06	-1.60371e-03	1.599856e-03	
